{
    "1.bmp": {
        "camera_id": 1,
        "K": {
            "type_id": "opencv-matrix",
            "rows": 3,
            "cols": 3,
            "dt": "d",
            "data": [
                1909.51,
                0.0,
                960.0,
                0.0,
                1909.51,
                540.0,
                0.0,
                0.0,
                1.0
            ]
        },
        "resolution": {
            "x": 1920,
            "y": 1080
        },
        "view_mat": [
            [
                0.9944075682331163,
                0.10323367522830214,
                -0.02227995824855801,
                -0.16717307046808924
            ],
            [
                0.10244804818763693,
                -0.9941599602083081,
                -0.033917118703667405,
                2.9734078872793717
            ],
            [
                -0.025651231222763374,
                0.031444901295321036,
                -0.9991762769998513,
                -1.9424148310090947
            ],
            [
                0.0,
                0.0,
                0.0,
                1.0
            ]
        ],
        "img_name": "1.bmp"
    },
    "13.bmp": {
        "camera_id": 1,
        "K": {
            "type_id": "opencv-matrix",
            "rows": 3,
            "cols": 3,
            "dt": "d",
            "data": [
                1909.51,
                0.0,
                960.0,
                0.0,
                1909.51,
                540.0,
                0.0,
                0.0,
                1.0
            ]
        },
        "resolution": {
            "x": 1920,
            "y": 1080
        },
        "view_mat": [
            [
                -0.09959057852671499,
                -0.8146366470998434,
                0.571357024872049,
                3.5410875164861886
            ],
            [
                -0.826295330399374,
                -0.25220285694154293,
                -0.5036166656403586,
                -0.5318687840287761
            ],
            [
                0.5543624659272156,
                -0.5222651167294716,
                -0.6480134290419047,
                0.6332017106629007
            ],
            [
                0.0,
                0.0,
                0.0,
                1.0
            ]
        ],
        "img_name": "13.bmp"
    },
    "0.bmp": {
        "camera_id": 1,
        "K": {
            "type_id": "opencv-matrix",
            "rows": 3,
            "cols": 3,
            "dt": "d",
            "data": [
                1909.51,
                0.0,
                960.0,
                0.0,
                1909.51,
                540.0,
                0.0,
                0.0,
                1.0
            ]
        },
        "resolution": {
            "x": 1920,
            "y": 1080
        },
        "view_mat": [
            [
                0.9543505802648359,
                0.26978403700199444,
                -0.12818558158809218,
                -0.9033629509625442
            ],
            [
                0.2646297796128983,
                -0.9627230453985747,
                -0.05599479976321657,
                2.8740812663717916
            ],
            [
                -0.13851371661391446,
                0.01951694744063101,
                -0.9901681872653755,
                -1.91847761237992
            ],
            [
                0.0,
                0.0,
                0.0,
                1.0
            ]
        ],
        "img_name": "0.bmp"
    },
    "12.bmp": {
        "camera_id": 1,
        "K": {
            "type_id": "opencv-matrix",
            "rows": 3,
            "cols": 3,
            "dt": "d",
            "data": [
                1909.51,
                0.0,
                960.0,
                0.0,
                1909.51,
                540.0,
                0.0,
                0.0,
                1.0
            ]
        },
        "resolution": {
            "x": 1920,
            "y": 1080
        },
        "view_mat": [
            [
                0.04425537662842299,
                -0.8175258042785476,
                0.5741890115442738,
                3.6053835513012524
            ],
            [
                -0.8268035026171935,
                -0.35257910224886224,
                -0.43827382390159536,
                -0.0839603147054621
            ],
            [
                0.560747206590828,
                -0.45534551276596547,
                -0.6915367194187763,
                0.3388384436599909
            ],
            [
                0.0,
                0.0,
                0.0,
                1.0
            ]
        ],
        "img_name": "12.bmp"
    },
    "10.bmp": {
        "camera_id": 1,
        "K": {
            "type_id": "opencv-matrix",
            "rows": 3,
            "cols": 3,
            "dt": "d",
            "data": [
                1909.51,
                0.0,
                960.0,
                0.0,
                1909.51,
                540.0,
                0.0,
                0.0,
                1.0
            ]
        },
        "resolution": {
            "x": 1920,
            "y": 1080
        },
        "view_mat": [
            [
                0.32924363026035247,
                -0.7723962665285963,
                0.5431414543060306,
                3.4816882803868467
            ],
            [
                -0.774599376098345,
                -0.5498878827272076,
                -0.3124405911174848,
                0.7925081460680766
            ],
            [
                0.5399948504208525,
                -0.31784795717838793,
                -0.7793447488990265,
                -0.26491803257162483
            ],
            [
                0.0,
                0.0,
                0.0,
                1.0
            ]
        ],
        "img_name": "10.bmp"
    },
    "11.bmp": {
        "camera_id": 1,
        "K": {
            "type_id": "opencv-matrix",
            "rows": 3,
            "cols": 3,
            "dt": "d",
            "data": [
                1909.51,
                0.0,
                960.0,
                0.0,
                1909.51,
                540.0,
                0.0,
                0.0,
                1.0
            ]
        },
        "resolution": {
            "x": 1920,
            "y": 1080
        },
        "view_mat": [
            [
                0.19172835147370348,
                -0.8033659517611021,
                0.5637760076414703,
                3.5780871770106297
            ],
            [
                -0.8086703349444078,
                -0.4548156207563842,
                -0.37308851563253026,
                0.3679455202353607
            ],
            [
                0.5561407453352756,
                -0.38437728687705264,
                -0.736859262485694,
                0.030254699648799642
            ],
            [
                0.0,
                0.0,
                0.0,
                1.0
            ]
        ],
        "img_name": "11.bmp"
    },
    "15.bmp": {
        "camera_id": 1,
        "K": {
            "type_id": "opencv-matrix",
            "rows": 3,
            "cols": 3,
            "dt": "d",
            "data": [
                1909.51,
                0.0,
                960.0,
                0.0,
                1909.51,
                540.0,
                0.0,
                0.0,
                1.0
            ]
        },
        "resolution": {
            "x": 1920,
            "y": 1080
        },
        "view_mat": [
            [
                -0.3505959720877503,
                -0.7642862642230716,
                0.5412476056998191,
                3.2555268991364423
            ],
            [
                -0.7834769368709504,
                -0.0772603810295169,
                -0.6165993212082599,
                -1.2889997119772454
            ],
            [
                0.5130753879764243,
                -0.640232254610087,
                -0.5717134827951206,
                1.1407330883702111
            ],
            [
                0.0,
                0.0,
                0.0,
                1.0
            ]
        ],
        "img_name": "15.bmp"
    },
    "16.bmp": {
        "camera_id": 1,
        "K": {
            "type_id": "opencv-matrix",
            "rows": 3,
            "cols": 3,
            "dt": "d",
            "data": [
                1909.51,
                0.0,
                960.0,
                0.0,
                1909.51,
                540.0,
                0.0,
                0.0,
                1.0
            ]
        },
        "resolution": {
            "x": 1920,
            "y": 1080
        },
        "view_mat": [
            [
                -0.47482999288012545,
                -0.7166929573719834,
                0.5107716541810643,
                3.0072153050052535
            ],
            [
                -0.7389244041216708,
                0.009411365125945951,
                -0.673722607012634,
                -1.6656722575508842
            ],
            [
                0.4780451891347657,
                -0.6973253408989715,
                -0.5340507149000359,
                1.3874925562839986
            ],
            [
                0.0,
                0.0,
                0.0,
                1.0
            ]
        ],
        "img_name": "16.bmp"
    },
    "17.bmp": {
        "camera_id": 1,
        "K": {
            "type_id": "opencv-matrix",
            "rows": 3,
            "cols": 3,
            "dt": "d",
            "data": [
                1909.51,
                0.0,
                960.0,
                0.0,
                1909.51,
                540.0,
                0.0,
                0.0,
                1.0
            ]
        },
        "resolution": {
            "x": 1920,
            "y": 1080
        },
        "view_mat": [
            [
                -0.5850575986868385,
                -0.6585508120829481,
                0.4733058568448945,
                2.717679419564423
            ],
            [
                -0.6844447181699745,
                0.08789917232401871,
                -0.7237466153799801,
                -1.989393274351749
            ],
            [
                0.43502072822799426,
                -0.7473851506483401,
                -0.5021677036631722,
                1.5906443792614393
            ],
            [
                0.0,
                0.0,
                0.0,
                1.0
            ]
        ],
        "img_name": "17.bmp"
    },
    "19.bmp": {
        "camera_id": 1,
        "K": {
            "type_id": "opencv-matrix",
            "rows": 3,
            "cols": 3,
            "dt": "d",
            "data": [
                1909.51,
                0.0,
                960.0,
                0.0,
                1909.51,
                540.0,
                0.0,
                0.0,
                1.0
            ]
        },
        "resolution": {
            "x": 1920,
            "y": 1080
        },
        "view_mat": [
            [
                -0.7887427079597097,
                -0.49389548204107525,
                0.3659947997715241,
                1.9194133488615108
            ],
            [
                -0.5255941287248336,
                0.2330553803902042,
                -0.8181906877502092,
                -2.58658556002677
            ],
            [
                0.31880362684631935,
                -0.8377066565872515,
                -0.44340929739806045,
                1.9550909907966543
            ],
            [
                0.0,
                0.0,
                0.0,
                1.0
            ]
        ],
        "img_name": "19.bmp"
    },
    "18.bmp": {
        "camera_id": 1,
        "K": {
            "type_id": "opencv-matrix",
            "rows": 3,
            "cols": 3,
            "dt": "d",
            "data": [
                1909.51,
                0.0,
                960.0,
                0.0,
                1909.51,
                540.0,
                0.0,
                0.0,
                1.0
            ]
        },
        "resolution": {
            "x": 1920,
            "y": 1080
        },
        "view_mat": [
            [
                -0.6972183109199108,
                -0.5787621546294388,
                0.42299053805809433,
                2.3374681218988433
            ],
            [
                -0.609093436020949,
                0.1671356278954843,
                -0.7752876034634995,
                -2.3179878954121405
            ],
            [
                0.37801033466584044,
                -0.7981854735941213,
                -0.46905024957796093,
                1.7991978037032192
            ],
            [
                0.0,
                0.0,
                0.0,
                1.0
            ]
        ],
        "img_name": "18.bmp"
    },
    "14.bmp": {
        "camera_id": 1,
        "K": {
            "type_id": "opencv-matrix",
            "rows": 3,
            "cols": 3,
            "dt": "d",
            "data": [
                1909.51,
                0.0,
                960.0,
                0.0,
                1909.51,
                540.0,
                0.0,
                0.0,
                1.0
            ]
        },
        "resolution": {
            "x": 1920,
            "y": 1080
        },
        "view_mat": [
            [
                -0.21825559779808995,
                -0.7981036638523158,
                0.5616004235889678,
                3.4368912796718685
            ],
            [
                -0.8135646937513447,
                -0.16901552015489058,
                -0.5563688012712903,
                -0.8874381388182974
            ],
            [
                0.538959166459834,
                -0.5783288819454562,
                -0.6124203794752746,
                0.8699293979181193
            ],
            [
                0.0,
                0.0,
                0.0,
                1.0
            ]
        ],
        "img_name": "14.bmp"
    },
    "2.bmp": {
        "camera_id": 1,
        "K": {
            "type_id": "opencv-matrix",
            "rows": 3,
            "cols": 3,
            "dt": "d",
            "data": [
                1909.51,
                0.0,
                960.0,
                0.0,
                1909.51,
                540.0,
                0.0,
                0.0,
                1.0
            ]
        },
        "resolution": {
            "x": 1920,
            "y": 1080
        },
        "view_mat": [
            [
                0.9988888274352006,
                -0.004103679519364084,
                0.04694965643679464,
                0.305655515781879
            ],
            [
                -0.0027039160190440318,
                -0.9995510639094297,
                -0.029838891998358638,
                2.9666930305129724
            ],
            [
                0.04705102829155445,
                0.029678787912077974,
                -0.9984514861948866,
                -1.9102704917036943
            ],
            [
                0.0,
                0.0,
                0.0,
                1.0
            ]
        ],
        "img_name": "2.bmp"
    },
    "20.bmp": {
        "camera_id": 1,
        "K": {
            "type_id": "opencv-matrix",
            "rows": 3,
            "cols": 3,
            "dt": "d",
            "data": [
                1909.51,
                0.0,
                960.0,
                0.0,
                1909.51,
                540.0,
                0.0,
                0.0,
                1.0
            ]
        },
        "resolution": {
            "x": 1920,
            "y": 1080
        },
        "view_mat": [
            [
                -0.8426954072372914,
                -0.42779492490340126,
                0.3268882880252352,
                1.6337065008146614
            ],
            [
                -0.4645050183494167,
                0.2707176579578894,
                -0.843176753473436,
                -2.7315464794296718
            ],
            [
                0.2722123041844066,
                -0.8623824278686856,
                -0.4268454164611911,
                2.0547157819932864
            ],
            [
                0.0,
                0.0,
                0.0,
                1.0
            ]
        ],
        "img_name": "20.bmp"
    },
    "23.bmp": {
        "camera_id": 1,
        "K": {
            "type_id": "opencv-matrix",
            "rows": 3,
            "cols": 3,
            "dt": "d",
            "data": [
                1909.51,
                0.0,
                960.0,
                0.0,
                1909.51,
                540.0,
                0.0,
                0.0,
                1.0
            ]
        },
        "resolution": {
            "x": 1920,
            "y": 1080
        },
        "view_mat": [
            [
                -0.9835806713952463,
                -0.12338530998430597,
                0.1317009040885953,
                0.25556497890168073
            ],
            [
                -0.16901503177776744,
                0.3739426969840501,
                -0.9119214760084638,
                -3.103378351847415
            ],
            [
                0.0632691227285231,
                -0.9192077701218434,
                -0.3886567810508283,
                2.250200044470004
            ],
            [
                0.0,
                0.0,
                0.0,
                1.0
            ]
        ],
        "img_name": "23.bmp"
    },
    "26.bmp": {
        "camera_id": 1,
        "K": {
            "type_id": "opencv-matrix",
            "rows": 3,
            "cols": 3,
            "dt": "d",
            "data": [
                1909.51,
                0.0,
                960.0,
                0.0,
                1909.51,
                540.0,
                0.0,
                0.0,
                1.0
            ]
        },
        "resolution": {
            "x": 1920,
            "y": 1080
        },
        "view_mat": [
            [
                -0.9806162735256206,
                0.18458114975671114,
                -0.0657382936439298,
                -1.0908077116287471
            ],
            [
                0.1321558057852197,
                0.37536529805961405,
                -0.917407072138577,
                -3.0349856106340103
            ],
            [
                -0.14466017798269246,
                -0.9083120015540407,
                -0.3924827903729131,
                2.160897551418104
            ],
            [
                0.0,
                0.0,
                0.0,
                1.0
            ]
        ],
        "img_name": "26.bmp"
    },
    "21.bmp": {
        "camera_id": 1,
        "K": {
            "type_id": "opencv-matrix",
            "rows": 3,
            "cols": 3,
            "dt": "d",
            "data": [
                1909.51,
                0.0,
                960.0,
                0.0,
                1909.51,
                540.0,
                0.0,
                0.0,
                1.0
            ]
        },
        "resolution": {
            "x": 1920,
            "y": 1080
        },
        "view_mat": [
            [
                -0.9083341856456337,
                -0.32728606467147814,
                0.2604089842139472,
                1.1578919146190936
            ],
            [
                -0.3652898626627944,
                0.31756199477489544,
                -0.8750529673741958,
                -2.916598957015703
            ],
            [
                0.20369664558671466,
                -0.8899652865963064,
                -0.4080066975311485,
                2.162474377581069
            ],
            [
                0.0,
                0.0,
                0.0,
                1.0
            ]
        ],
        "img_name": "21.bmp"
    },
    "28.bmp": {
        "camera_id": 1,
        "K": {
            "type_id": "opencv-matrix",
            "rows": 3,
            "cols": 3,
            "dt": "d",
            "data": [
                1909.51,
                0.0,
                960.0,
                0.0,
                1909.51,
                540.0,
                0.0,
                0.0,
                1.0
            ]
        },
        "resolution": {
            "x": 1920,
            "y": 1080
        },
        "view_mat": [
            [
                -0.8904322352968712,
                0.4052827361863934,
                -0.20706602351300335,
                -2.0264407392713664
            ],
            [
                0.34918388515456944,
                0.31657063494550297,
                -0.8819601166938114,
                -2.726595405201238
            ],
            [
                -0.2918921867617868,
                -0.8576298367241377,
                -0.42340289851151336,
                1.9020309741499513
            ],
            [
                0.0,
                0.0,
                0.0,
                1.0
            ]
        ],
        "img_name": "28.bmp"
    },
    "27.bmp": {
        "camera_id": 1,
        "K": {
            "type_id": "opencv-matrix",
            "rows": 3,
            "cols": 3,
            "dt": "d",
            "data": [
                1909.51,
                0.0,
                960.0,
                0.0,
                1909.51,
                540.0,
                0.0,
                0.0,
                1.0
            ]
        },
        "resolution": {
            "x": 1920,
            "y": 1080
        },
        "view_mat": [
            [
                -0.9508517041886538,
                0.28194845653602757,
                -0.12800822043323865,
                -1.5042863044839545
            ],
            [
                0.22768603962223802,
                0.356453717474667,
                -0.9061455813828322,
                -2.92728433336247
            ],
            [
                -0.20985734202708634,
                -0.8907557550504189,
                -0.4031303521714588,
                2.0678591242172777
            ],
            [
                0.0,
                0.0,
                0.0,
                1.0
            ]
        ],
        "img_name": "27.bmp"
    },
    "29.bmp": {
        "camera_id": 1,
        "K": {
            "type_id": "opencv-matrix",
            "rows": 3,
            "cols": 3,
            "dt": "d",
            "data": [
                1909.51,
                0.0,
                960.0,
                0.0,
                1909.51,
                540.0,
                0.0,
                0.0,
                1.0
            ]
        },
        "resolution": {
            "x": 1920,
            "y": 1080
        },
        "view_mat": [
            [
                -0.8175874640556287,
                0.5075927360876098,
                -0.27184619344434524,
                -2.4451048924347285
            ],
            [
                0.44999900322331865,
                0.2687156580690976,
                -0.8516412344447112,
                -2.4889766883252373
            ],
            [
                -0.35923757559184405,
                -0.8186217132348653,
                -0.44811477871557437,
                1.7123238807907495
            ],
            [
                0.0,
                0.0,
                0.0,
                1.0
            ]
        ],
        "img_name": "29.bmp"
    },
    "25.bmp": {
        "camera_id": 1,
        "K": {
            "type_id": "opencv-matrix",
            "rows": 3,
            "cols": 3,
            "dt": "d",
            "data": [
                1909.51,
                0.0,
                960.0,
                0.0,
                1909.51,
                540.0,
                0.0,
                0.0,
                1.0
            ]
        },
        "resolution": {
            "x": 1920,
            "y": 1080
        },
        "view_mat": [
            [
                -0.9966517753699169,
                0.08176077728321382,
                0.0006433894911328161,
                -0.6438594827190456
            ],
            [
                0.03091891863567912,
                0.3841583146041633,
                -0.9227493753944723,
                -3.1044274965940684
            ],
            [
                -0.07569186959239974,
                -0.9196399103010554,
                -0.38540002109376403,
                2.230836102641215
            ],
            [
                0.0,
                0.0,
                0.0,
                1.0
            ]
        ],
        "img_name": "25.bmp"
    },
    "3.bmp": {
        "camera_id": 1,
        "K": {
            "type_id": "opencv-matrix",
            "rows": 3,
            "cols": 3,
            "dt": "d",
            "data": [
                1909.51,
                0.0,
                960.0,
                0.0,
                1909.51,
                540.0,
                0.0,
                0.0,
                1.0
            ]
        },
        "resolution": {
            "x": 1920,
            "y": 1080
        },
        "view_mat": [
            [
                0.9756250801197984,
                -0.16175942304355123,
                0.14828888056039244,
                0.9899001301664582
            ],
            [
                -0.15805571431259122,
                -0.9867550450866974,
                -0.03650852186937171,
                2.8721300656221236
            ],
            [
                0.15223039845698838,
                0.012180724632273841,
                -0.9882699710772656,
                -1.8090462054560368
            ],
            [
                0.0,
                0.0,
                0.0,
                1.0
            ]
        ],
        "img_name": "3.bmp"
    },
    "24.bmp": {
        "camera_id": 1,
        "K": {
            "type_id": "opencv-matrix",
            "rows": 3,
            "cols": 3,
            "dt": "d",
            "data": [
                1909.51,
                0.0,
                960.0,
                0.0,
                1909.51,
                540.0,
                0.0,
                0.0,
                1.0
            ]
        },
        "resolution": {
            "x": 1920,
            "y": 1080
        },
        "view_mat": [
            [
                -0.9962474080503063,
                -0.03816418837038813,
                0.07768266652913124,
                -0.11798528323571111
            ],
            [
                -0.08638235987026169,
                0.38240573399350286,
                -0.9199477933622837,
                -3.1254249392158444
            ],
            [
                0.0054027637641561425,
                -0.9232060167345748,
                -0.38426743396856944,
                2.263820162312463
            ],
            [
                0.0,
                0.0,
                0.0,
                1.0
            ]
        ],
        "img_name": "24.bmp"
    },
    "22.bmp": {
        "camera_id": 1,
        "K": {
            "type_id": "opencv-matrix",
            "rows": 3,
            "cols": 3,
            "dt": "d",
            "data": [
                1909.51,
                0.0,
                960.0,
                0.0,
                1909.51,
                540.0,
                0.0,
                0.0,
                1.0
            ]
        },
        "resolution": {
            "x": 1920,
            "y": 1080
        },
        "view_mat": [
            [
                -0.9562170704766348,
                -0.220908774918193,
                0.19195892084825164,
                0.6749130331896795
            ],
            [
                -0.26179075168323,
                0.3524538182234915,
                -0.8984664202700129,
                -3.043310325179297
            ],
            [
                0.1308224616119556,
                -0.9093819984933863,
                -0.39485423177922657,
                2.2293485552519128
            ],
            [
                0.0,
                0.0,
                0.0,
                1.0
            ]
        ],
        "img_name": "22.bmp"
    },
    "30.bmp": {
        "camera_id": 1,
        "K": {
            "type_id": "opencv-matrix",
            "rows": 3,
            "cols": 3,
            "dt": "d",
            "data": [
                1909.51,
                0.0,
                960.0,
                0.0,
                1909.51,
                540.0,
                0.0,
                0.0,
                1.0
            ]
        },
        "resolution": {
            "x": 1920,
            "y": 1080
        },
        "view_mat": [
            [
                -0.725302881100065,
                0.602303106125784,
                -0.33341670476923885,
                -2.8338619675893835
            ],
            [
                0.544513208656044,
                0.20556402502336688,
                -0.8131720588013905,
                -2.192892810580041
            ],
            [
                -0.4212375769883838,
                -0.7713458368121431,
                -0.4770581765000263,
                1.4959518894539343
            ],
            [
                0.0,
                0.0,
                0.0,
                1.0
            ]
        ],
        "img_name": "30.bmp"
    },
    "31.bmp": {
        "camera_id": 1,
        "K": {
            "type_id": "opencv-matrix",
            "rows": 3,
            "cols": 3,
            "dt": "d",
            "data": [
                1909.51,
                0.0,
                960.0,
                0.0,
                1909.51,
                540.0,
                0.0,
                0.0,
                1.0
            ]
        },
        "resolution": {
            "x": 1920,
            "y": 1080
        },
        "view_mat": [
            [
                -0.6322332389240778,
                0.6751926270426142,
                -0.3799947999471354,
                -3.1246293981692492
            ],
            [
                0.6176256850628128,
                0.14309459964716628,
                -0.7733449739298164,
                -1.9016161715817386
            ],
            [
                -0.46778162079143426,
                -0.7236289463109603,
                -0.507485471034027,
                1.271303847158612
            ],
            [
                0.0,
                0.0,
                0.0,
                1.0
            ]
        ],
        "img_name": "31.bmp"
    },
    "33.bmp": {
        "camera_id": 1,
        "K": {
            "type_id": "opencv-matrix",
            "rows": 3,
            "cols": 3,
            "dt": "d",
            "data": [
                1909.51,
                0.0,
                960.0,
                0.0,
                1909.51,
                540.0,
                0.0,
                0.0,
                1.0
            ]
        },
        "resolution": {
            "x": 1920,
            "y": 1080
        },
        "view_mat": [
            [
                -0.43571814418429355,
                0.7806110295709278,
                -0.4481027999698405,
                -3.5279093380516566
            ],
            [
                0.7255128171343994,
                0.00994486669627518,
                -0.6881367973013072,
                -1.2877928406994013
            ],
            [
                -0.5327108512150867,
                -0.6249380130369804,
                -0.5706764660112492,
                0.8192622637393236
            ],
            [
                0.0,
                0.0,
                0.0,
                1.0
            ]
        ],
        "img_name": "33.bmp"
    },
    "34.bmp": {
        "camera_id": 1,
        "K": {
            "type_id": "opencv-matrix",
            "rows": 3,
            "cols": 3,
            "dt": "d",
            "data": [
                1909.51,
                0.0,
                960.0,
                0.0,
                1909.51,
                540.0,
                0.0,
                0.0,
                1.0
            ]
        },
        "resolution": {
            "x": 1920,
            "y": 1080
        },
        "view_mat": [
            [
                -0.318999000910162,
                0.8202654400123724,
                -0.4747675698061392,
                -3.6720209319231722
            ],
            [
                0.7682739627976349,
                -0.06952881474100277,
                -0.6363339233515131,
                -0.9213868800017045
            ],
            [
                -0.5549727520388152,
                -0.5677414480571418,
                -0.6080089577074035,
                0.5578966857356283
            ],
            [
                0.0,
                0.0,
                0.0,
                1.0
            ]
        ],
        "img_name": "34.bmp"
    },
    "32.bmp": {
        "camera_id": 1,
        "K": {
            "type_id": "opencv-matrix",
            "rows": 3,
            "cols": 3,
            "dt": "d",
            "data": [
                1909.51,
                0.0,
                960.0,
                0.0,
                1909.51,
                540.0,
                0.0,
                0.0,
                1.0
            ]
        },
        "resolution": {
            "x": 1920,
            "y": 1080
        },
        "view_mat": [
            [
                -0.5476918067589394,
                0.7272065272183994,
                -0.4137684758171945,
                -3.3281066780010993
            ],
            [
                0.670615773963617,
                0.08583091622144604,
                -0.7368225956984261,
                -1.6355098977912608
            ],
            [
                -0.5003080736109581,
                -0.6810313653507765,
                -0.5346850576630598,
                1.0760470438602168
            ],
            [
                0.0,
                0.0,
                0.0,
                1.0
            ]
        ],
        "img_name": "32.bmp"
    },
    "37.bmp": {
        "camera_id": 1,
        "K": {
            "type_id": "opencv-matrix",
            "rows": 3,
            "cols": 3,
            "dt": "d",
            "data": [
                1909.51,
                0.0,
                960.0,
                0.0,
                1909.51,
                540.0,
                0.0,
                0.0,
                1.0
            ]
        },
        "resolution": {
            "x": 1920,
            "y": 1080
        },
        "view_mat": [
            [
                0.05121055059410107,
                0.862673511652478,
                -0.5031618942259349,
                -3.7515187812636355
            ],
            [
                0.8192658322800815,
                -0.32441139742317454,
                -0.4728221032062359,
                0.20724443277396704
            ],
            [
                -0.571122557395761,
                -0.3880098678063808,
                -0.7233722187909905,
                -0.239293752069297
            ],
            [
                0.0,
                0.0,
                0.0,
                1.0
            ]
        ],
        "img_name": "37.bmp"
    },
    "35.bmp": {
        "camera_id": 1,
        "K": {
            "type_id": "opencv-matrix",
            "rows": 3,
            "cols": 3,
            "dt": "d",
            "data": [
                1909.51,
                0.0,
                960.0,
                0.0,
                1909.51,
                540.0,
                0.0,
                0.0,
                1.0
            ]
        },
        "resolution": {
            "x": 1920,
            "y": 1080
        },
        "view_mat": [
            [
                -0.19354997410985003,
                0.8483883784040087,
                -0.49272260645427346,
                -3.7558972838206
            ],
            [
                0.7992122283065767,
                -0.1549446701900586,
                -0.5807339866969473,
                -0.5322298439639057
            ],
            [
                -0.5690327070101617,
                -0.5061909803312485,
                -0.648052829469926,
                0.2792356581960777
            ],
            [
                0.0,
                0.0,
                0.0,
                1.0
            ]
        ],
        "img_name": "35.bmp"
    },
    "39.bmp": {
        "camera_id": 1,
        "K": {
            "type_id": "opencv-matrix",
            "rows": 3,
            "cols": 3,
            "dt": "d",
            "data": [
                1909.51,
                0.0,
                960.0,
                0.0,
                1909.51,
                540.0,
                0.0,
                0.0,
                1.0
            ]
        },
        "resolution": {
            "x": 1920,
            "y": 1080
        },
        "view_mat": [
            [
                0.2982713108770936,
                0.8253292933284628,
                -0.47944320068345997,
                -3.5118427681119853
            ],
            [
                0.7893460052235916,
                -0.4956964739003708,
                -0.36224009965808124,
                0.9517447316736037
            ],
            [
                -0.5366256694803351,
                -0.27040074581383694,
                -0.7993224177502486,
                -0.7465335090805323
            ],
            [
                0.0,
                0.0,
                0.0,
                1.0
            ]
        ],
        "img_name": "39.bmp"
    },
    "38.bmp": {
        "camera_id": 1,
        "K": {
            "type_id": "opencv-matrix",
            "rows": 3,
            "cols": 3,
            "dt": "d",
            "data": [
                1909.51,
                0.0,
                960.0,
                0.0,
                1909.51,
                540.0,
                0.0,
                0.0,
                1.0
            ]
        },
        "resolution": {
            "x": 1920,
            "y": 1080
        },
        "view_mat": [
            [
                0.1932562270063084,
                0.847655165130176,
                -0.49409791716968415,
                -3.6460474727979415
            ],
            [
                0.8087562469382473,
                -0.4227393410788087,
                -0.4089068140085407,
                0.63908132677646
            ],
            [
                -0.5554866008839878,
                -0.3205809890376979,
                -0.767243420112525,
                -0.5344851923958066
            ],
            [
                0.0,
                0.0,
                0.0,
                1.0
            ]
        ],
        "img_name": "38.bmp"
    },
    "36.bmp": {
        "camera_id": 1,
        "K": {
            "type_id": "opencv-matrix",
            "rows": 3,
            "cols": 3,
            "dt": "d",
            "data": [
                1909.51,
                0.0,
                960.0,
                0.0,
                1909.51,
                540.0,
                0.0,
                0.0,
                1.0
            ]
        },
        "resolution": {
            "x": 1920,
            "y": 1080
        },
        "view_mat": [
